First Generation
0 0 0 0 0 0 0 0 0 0 0 0 0 0 0 0 0 0 0 0 0 

0 1 1 1 1 1 1 1 1 1 1 1 1 1 0 0 0 0 0 0 0 

0 0 0 0 0 0 0 0 0 0 0 0 0 0 0 0 0 0 0 0 0 

0 1 0 0 0 0 0 0 0 0 0 0 0 0 0 0 0 0 0 0 0 

0 1 0 0 0 0 0 0 0 0 0 0 0 0 0 0 0 0 0 0 0 

0 0 0 0 0 0 0 0 0 0 0 0 0 0 0 0 0 0 0 0 0 

0 0 0 0 0 0 0 0 0 0 0 0 0 0 0 0 0 0 0 0 0 

0 1 1 1 1 1 1 1 1 1 1 1 1 1 0 0 0 0 0 0 0 

0 1 0 0 0 0 0 0 0 0 0 0 0 0 0 0 0 0 0 0 0 

0 0 0 0 0 0 0 0 0 0 0 0 0 0 0 0 0 0 0 0 0 

0 1 1 1 1 1 1 1 1 1 1 1 0 0 0 0 0 0 0 0 0 

0 1 1 1 1 1 1 1 1 0 0 0 0 0 0 0 0 0 0 0 0 

0 1 1 1 1 1 1 1 1 1 1 1 1 1 1 1 0 0 0 0 0 

0 1 1 1 1 1 1 1 0 0 0 0 0 0 0 0 0 0 0 0 0 

0 1 1 1 1 1 1 1 1 1 1 1 1 1 0 0 0 0 0 0 0 

0 1 1 1 1 1 1 1 0 0 0 0 0 0 0 0 0 0 0 0 0 

0 1 1 1 1 1 1 1 1 1 1 1 1 1 1 0 0 0 0 0 0 

0 1 1 1 1 1 1 1 1 1 0 0 0 0 0 0 0 0 0 0 0 

0 0 0 0 0 0 0 0 0 0 0 0 0 0 0 0 0 0 0 0 0 

0 0 0 0 0 0 0 0 0 0 0 0 0 0 0 0 0 0 0 0 0 

0 0 0 0 0 0 0 0 0 0 0 0 0 0 0 0 0 0 0 0 0 

2 Generation
  1  1  1  1  1  1  1  1  1  1  1  1  1  1  1  1  1  1  1  1  1

  1  0  0  0  0  0  0  0  0  0  0  0  0  0  1  1  1  1  1  1  1

  1  1  1  1  1  1  1  1  1  1  1  1  1  1  1  1  1  1  1  1  1

  1  0  1  1  1  1  1  1  1  1  1  1  1  1  1  1  1  1  1  1  1

  1  0  1  1  1  1  1  1  1  1  1  1  1  1  1  1  1  1  1  1  1

  1  1  1  1  1  1  1  1  1  1  1  1  1  1  1  1  1  1  1  1  1

  1  1  1  1  1  1  1  1  1  1  1  1  1  1  1  1  1  1  1  1  1

  1  0  0  0  0  0  0  0  0  0  0  0  0  0  1  1  1  1  1  1  1

  1  0  1  1  1  1  1  1  1  1  1  1  1  1  1  1  1  1  1  1  1

  1  1  1  1  1  1  1  1  1  1  1  1  1  1  1  1  1  1  1  1  1

  1  0  0  0  0  0  0  0  0  0  0  0  1  1  1  1  1  1  1  1  1

  1  0  0  0  0  0  0  0  0  1  1  1  1  1  1  1  1  1  1  1  1

  1  0  0  0  0  0  0  0  0  0  0  0  0  0  0  0  1  1  1  1  1

  1  0  0  0  0  0  0  0  1  1  1  1  1  1  1  1  1  1  1  1  1

  1  0  0  0  0  0  0  0  0  0  0  0  0  0  1  1  1  1  1  1  1

  1  0  0  0  0  0  0  0  1  1  1  1  1  1  1  1  1  1  1  1  1

  1  0  0  0  0  0  0  0  0  0  0  0  0  0  0  1  1  1  1  1  1

  1  0  0  0  0  0  0  0  0  0  1  1  1  1  1  1  1  1  1  1  1

  1  1  1  1  1  1  1  1  1  1  1  1  1  1  1  1  1  1  1  1  1

  1  1  1  1  1  1  1  1  1  1  1  1  1  1  1  1  1  1  1  1  1

  1  1  1  1  1  1  1  1  1  1  1  1  1  1  1  1  1  1  1  1  1

3 Generation
  2  0  2  2  2  2  2  2  2  2  2  2  2  2  2  2  2  2  2  2  2

  0  1  1  1  1  1  1  1  1  1  1  1  1  1  2  2  2  2  2  2  2

  2  0  2  2  2  2  2  2  2  2  2  2  2  2  0  0  0  0  0  0  2

  2  1  2  0  0  0  0  0  0  0  0  0  0  0  0  0  0  0  0  0  2

  2  1  2  0  0  0  0  0  0  0  0  0  0  0  0  0  0  0  0  0  2

  2  2  0  0  0  0  0  0  0  0  0  0  0  0  0  0  0  0  0  0  2

  2  2  2  2  2  2  2  2  2  2  2  2  2  2  0  0  0  0  0  0  2

  2  1  1  1  1  1  1  1  1  1  1  1  1  1  2  0  0  0  0  0  2

  2  1  2  2  2  2  2  2  2  2  2  2  2  2  0  0  0  0  0  0  2

  2  0  2  2  2  2  2  2  2  2  2  2  0  0  0  0  0  0  0  0  2

  2  1  1  1  1  1  1  1  1  1  1  1  2  0  0  0  0  0  0  0  2

  2  1  1  1  1  1  1  1  1  0  2  2  2  2  2  2  0  0  0  0  2

  2  1  1  1  1  1  1  1  1  1  1  1  1  1  1  1  2  0  0  0  2

  2  1  1  1  1  1  1  1  0  2  2  2  2  2  2  2  0  0  0  0  2

  2  1  1  1  1  1  1  1  1  1  1  1  1  1  2  0  0  0  0  0  2

  2  1  1  1  1  1  1  1  0  2  2  2  2  2  2  0  0  0  0  0  2

  2  1  1  1  1  1  1  1  1  1  1  1  1  1  1  2  0  0  0  0  2

  2  1  1  1  1  1  1  1  1  1  2  2  2  2  2  0  0  0  0  0  2

  2  2  2  2  2  2  2  2  2  2  0  0  0  0  0  0  0  0  0  0  2

  2  2  0  0  0  0  0  0  0  0  0  0  0  0  0  0  0  0  0  0  2

  2  2  2  2  2  2  2  2  2  2  2  2  2  2  2  2  2  2  2  2  2

4 Generation
  0  1  3  3  3  3  3  3  3  3  3  3  3  3  3  3  3  3  3  3  3

  1  0  2  2  2  2  2  2  2  2  2  2  2  2  3  3  3  3  3  3  3

  0  1  3  3  3  3  3  3  3  3  3  3  3  3  1  1  1  1  1  1  3

  3  2  3  1  1  1  1  1  1  1  1  1  1  1  1  1  1  1  1  1  3

  3  2  3  1  1  1  1  1  1  1  1  1  1  1  1  1  1  1  1  1  3

  3  3  1  1  1  1  1  1  1  1  1  1  1  1  1  1  1  1  1  1  3

  3  3  3  3  3  3  3  3  3  3  3  3  3  3  1  1  1  1  1  1  3

  3  2  0  0  0  0  0  0  0  0  0  0  0  0  0  1  1  1  1  1  3

  3  2  0  0  0  0  0  0  0  0  0  0  3  3  1  1  1  1  1  1  3

  3  1  3  0  0  0  0  0  0  0  0  3  1  1  1  1  1  1  1  1  3

  3  2  0  0  0  0  0  0  0  2  0  0  3  1  1  1  1  1  1  1  3

  3  2  0  0  0  0  0  0  2  1  3  0  0  3  3  3  1  1  1  1  3

  3  2  0  0  0  0  0  0  2  2  0  0  0  0  0  0  0  1  1  1  3

  3  2  0  0  0  0  0  2  1  3  0  0  0  0  0  3  1  1  1  1  3

  3  2  0  0  0  0  0  0  2  0  0  0  0  0  3  1  1  1  1  1  3

  3  2  0  0  0  0  0  2  1  3  0  0  0  0  3  1  1  1  1  1  3

  3  2  0  0  0  0  0  0  2  0  0  0  0  0  0  0  1  1  1  1  3

  3  2  0  0  0  0  0  0  0  0  3  3  3  3  3  1  1  1  1  1  3

  3  3  3  3  3  3  3  3  3  3  1  1  1  1  1  1  1  1  1  1  3

  3  3  1  1  1  1  1  1  1  1  1  1  1  1  1  1  1  1  1  1  3

  3  3  3  3  3  3  3  3  3  3  3  3  3  3  3  3  3  3  3  3  3

5 Generation
  1  0  4  4  4  4  4  4  4  4  4  4  4  4  4  4  4  4  4  4  4

  0  1  3  3  3  3  3  3  3  3  3  3  3  3  4  4  4  4  4  4  4

  1  2  0  0  0  0  0  0  0  0  0  0  0  0  0  0  0  0  0  0  4

  4  3  0  0  0  0  0  0  0  0  0  0  0  0  0  0  0  0  0  0  4

  4  3  0  0  0  0  0  0  0  0  0  0  0  0  0  0  0  0  0  0  4

  4  4  0  0  0  0  0  0  0  0  0  0  0  0  0  0  0  0  0  0  4

  4  4  4  4  4  4  4  4  4  4  4  4  4  4  2  0  0  0  0  0  4

  4  3  1  1  1  1  1  1  1  1  1  1  1  1  1  2  0  0  0  0  4

  4  3  1  1  1  1  1  1  1  1  1  1  4  4  2  0  0  0  0  0  4

  4  2  0  1  1  1  1  1  1  1  1  0  0  0  0  0  0  0  0  0  4

  4  3  1  1  1  1  1  1  1  0  1  1  4  0  0  0  0  0  0  0  4

  4  3  1  1  1  1  1  1  3  0  0  1  1  4  4  4  2  0  0  0  4

  4  3  1  1  1  1  1  1  3  3  1  1  1  1  1  1  1  2  0  0  4

  4  3  1  1  1  1  1  0  0  4  1  1  1  1  1  4  2  0  0  0  4

  4  3  1  1  1  1  1  1  3  1  1  1  1  1  4  0  0  0  0  0  4

  4  3  1  1  1  1  1  0  0  0  1  1  1  1  4  2  0  0  0  0  4

  4  3  1  1  1  1  1  1  0  1  1  1  1  1  1  1  2  0  0  0  4

  4  3  1  1  1  1  1  1  1  1  4  4  4  4  4  2  0  0  0  0  4

  4  4  4  4  4  4  4  4  4  4  0  0  0  0  0  0  0  0  0  0  4

  4  4  0  0  0  0  0  0  0  0  0  0  0  0  0  0  0  0  0  0  4

  4  4  4  4  4  4  4  4  4  4  4  4  4  4  4  4  4  4  4  4  4

6 Generation
  0  1  5  5  5  5  5  5  5  5  5  5  5  5  5  5  5  5  5  5  5

  1  2  4  4  4  4  4  4  4  4  4  4  4  4  5  5  5  5  5  5  5

  2  3  1  1  1  1  1  1  1  1  1  1  1  1  1  1  1  1  1  1  5

  5  4  1  1  1  1  1  1  1  1  1  1  1  1  1  1  1  1  1  1  5

  5  4  1  1  1  1  1  1  1  1  1  1  1  1  1  1  1  1  1  1  5

  5  5  1  1  1  1  1  1  1  1  1  1  1  1  1  1  1  1  1  1  5

  5  5  5  5  5  5  5  5  5  5  5  5  5  5  3  1  1  1  1  1  5

  5  4  0  0  0  0  0  0  0  0  0  0  0  0  0  0  1  1  1  1  5

  5  4  2  0  0  0  0  0  0  0  0  2  5  5  3  1  1  1  1  1  5

  5  3  1  2  0  0  0  0  0  2  2  1  1  1  1  1  1  1  1  1  5

  5  4  2  0  0  0  0  0  2  1  2  2  5  1  1  1  1  1  1  1  5

  5  4  0  0  0  0  0  0  4  1  1  2  0  5  5  5  3  1  1  1  5

  5  4  0  0  0  0  0  2  4  4  2  0  0  0  0  0  0  0  1  1  5

  5  4  0  0  0  0  2  1  1  5  0  0  0  0  0  5  3  1  1  1  5

  5  4  0  0  0  0  0  2  4  2  0  0  0  0  5  1  1  1  1  1  5

  5  4  0  0  0  0  2  1  1  1  2  0  0  0  0  3  1  1  1  1  5

  5  4  0  0  0  0  0  2  1  2  0  0  0  0  0  0  0  1  1  1  5

  5  4  0  0  0  0  0  0  2  0  5  5  5  5  5  3  1  1  1  1  5

  5  5  5  5  5  5  5  5  5  5  1  1  1  1  1  1  1  1  1  1  5

  5  5  1  1  1  1  1  1  1  1  1  1  1  1  1  1  1  1  1  1  5

  5  5  5  5  5  5  5  5  5  5  5  5  5  5  5  5  5  5  5  5  5

7 Generation
  1  2  6  6  6  6  6  6  6  6  6  6  6  6  6  6  6  6  6  6  6

  2  3  5  5  5  5  5  5  5  5  5  5  5  5  6  6  6  6  6  6  6

  3  4  0  0  0  0  0  0  0  0  0  0  0  0  0  0  0  0  0  0  6

  6  5  0  0  0  0  0  0  0  0  0  0  0  0  0  0  0  0  0  0  6

  6  5  0  0  0  0  0  0  0  0  0  0  0  0  0  0  0  0  0  0  6

  6  6  0  0  0  0  0  0  0  0  0  0  0  0  0  0  0  0  0  0  6

  6  6  6  6  6  6  6  6  6  6  6  6  6  6  4  2  0  0  0  0  6

  6  5  1  1  1  1  1  1  1  1  1  1  1  1  1  1  2  0  0  0  6

  6  5  3  1  1  1  1  1  1  1  1  3  6  6  4  2  0  0  0  0  6

  6  4  0  0  1  1  1  1  1  3  3  0  0  0  0  0  0  0  0  0  6

  6  5  3  1  1  1  1  1  3  0  0  0  6  0  0  0  0  0  0  0  6

  6  5  1  1  1  1  1  1  5  0  0  3  1  6  6  6  4  2  0  0  6

  6  5  1  1  1  1  1  3  0  0  3  1  1  1  1  1  1  1  2  0  6

  6  5  1  1  1  1  0  0  0  6  1  1  1  1  1  6  4  2  0  0  6

  6  5  1  1  1  1  1  3  0  3  1  1  1  1  0  0  0  0  0  0  6

  6  5  1  1  1  1  0  0  0  0  0  1  1  1  1  4  2  0  0  0  6

  6  5  1  1  1  1  1  3  0  3  1  1  1  1  1  1  1  2  0  0  6

  6  5  1  1  1  1  1  1  3  1  6  6  6  6  6  4  2  0  0  0  6

  6  6  6  6  6  6  6  6  0  6  0  0  0  0  0  0  0  0  0  0  6

  6  6  0  0  0  0  0  0  0  0  0  0  0  0  0  0  0  0  0  0  6

  6  6  6  6  6  6  6  6  6  6  6  6  6  6  6  6  6  6  6  6  6

8 Generation
  2  3  7  7  7  7  7  7  7  7  7  7  7  7  7  7  7  7  7  7  7

  3  4  6  6  6  6  6  6  6  6  6  6  6  6  7  7  7  7  7  7  7

  4  5  1  1  1  1  1  1  1  1  1  1  1  1  1  1  1  1  1  1  7

  7  6  1  1  1  1  1  1  1  1  1  1  1  1  1  1  1  1  1  1  7

  7  6  1  1  1  1  1  1  1  1  1  1  1  1  1  1  1  1  1  1  7

  7  7  1  1  1  1  1  1  1  1  1  1  1  1  1  1  1  1  1  1  7

  7  7  7  7  7  7  7  7  7  7  7  7  7  7  5  3  1  1  1  1  7

  7  6  0  0  0  0  0  0  0  0  0  0  0  0  0  0  0  1  1  1  7

  7  6  4  2  0  0  0  0  0  0  0  4  7  7  5  3  1  1  1  1  7

  7  5  1  1  2  0  0  0  0  4  4  1  1  1  1  1  1  1  1  1  7

  7  6  4  2  0  0  0  0  4  1  1  1  0  1  1  1  1  1  1  1  7

  7  6  0  0  0  0  0  0  6  1  1  4  0  7  7  7  5  3  1  1  7

  7  6  0  0  0  0  2  4  1  1  4  0  0  0  0  0  0  0  0  1  7

  7  6  0  0  0  2  1  1  1  7  0  0  0  0  2  7  5  3  1  1  7

  7  6  0  0  0  0  2  0  1  4  2  0  0  2  1  1  1  1  1  1  7

  7  6  0  0  0  2  1  1  1  1  1  2  0  0  2  5  3  1  1  1  7

  7  6  0  0  0  0  2  4  1  4  2  0  0  0  0  0  0  0  1  1  7

  7  6  0  0  0  0  0  0  4  0  7  7  7  7  7  5  3  1  1  1  7

  7  7  7  7  7  7  7  7  1  0  1  1  1  1  1  1  1  1  1  1  7

  7  7  1  1  1  1  1  1  1  1  1  1  1  1  1  1  1  1  1  1  7

  7  7  7  7  7  7  7  7  7  7  7  7  7  7  7  7  7  7  7  7  7

9 Generation
  3  4  8  8  8  8  8  8  8  8  8  8  8  8  8  8  8  8  8  8  8

  4  5  7  7  7  7  7  7  7  7  7  7  7  7  8  8  8  8  8  8  8

  5  6  0  0  0  0  0  0  0  0  0  0  0  0  0  0  0  0  0  0  8

  8  7  0  0  0  0  0  0  0  0  0  0  0  0  0  0  0  0  0  0  8

  8  7  0  0  0  0  0  0  0  0  0  0  0  0  0  0  0  0  0  0  8

  8  8  0  0  0  0  0  0  0  0  0  0  0  0  0  0  0  0  0  0  8

  8  8  8  8  8  8  8  8  8  8  8  8  8  8  6  4  2  0  0  0  8

  8  7  1  1  1  1  1  1  1  1  1  1  1  1  1  1  1  2  0  0  8

  8  7  5  3  1  1  1  1  1  1  1  5  8  8  6  4  2  0  0  0  8

  8  6  0  0  0  1  1  1  1  5  5  0  2  0  0  0  0  0  0  0  8

  8  7  5  3  1  1  1  1  5  0  0  2  1  2  0  0  0  0  0  0  8

  8  7  1  1  1  1  1  1  7  0  0  5  1  8  8  8  6  4  2  0  8

  8  7  1  1  1  1  3  5  0  0  5  1  1  1  1  1  1  1  1  2  8

  8  7  1  1  1  0  0  2  0  8  1  1  1  1  3  8  6  4  2  0  8

  8  7  1  1  1  1  3  1  2  0  3  1  1  0  0  0  0  0  0  0  8

  8  7  1  1  1  0  0  2  0  0  0  0  1  1  3  6  4  2  0  0  8

  8  7  1  1  1  1  3  5  0  5  3  1  1  1  1  1  1  1  2  0  8

  8  7  1  1  1  1  1  1  5  1  8  8  8  8  8  6  4  2  0  0  8

  8  8  8  8  8  8  8  8  2  1  2  0  0  0  0  0  0  0  0  0  8

  8  8  0  0  0  0  0  0  0  2  0  0  0  0  0  0  0  0  0  0  8

  8  8  8  8  8  8  8  8  8  8  8  8  8  8  8  8  8  8  8  8  8

10 Generation
  4  5  9  9  9  9  9  9  9  9  9  9  9  9  9  9  9  9  9  9  9

  5  6  8  8  8  8  8  8  8  8  8  8  8  8  9  9  9  9  9  9  9

  6  7  1  1  1  1  1  1  1  1  1  1  1  1  1  1  1  1  1  1  9

  9  8  1  1  1  1  1  1  1  1  1  1  1  1  1  1  1  1  1  1  9

  9  8  1  1  1  1  1  1  1  1  1  1  1  1  1  1  1  1  1  1  9

  9  9  1  1  1  1  1  1  1  1  1  1  1  1  1  1  1  1  1  1  9

  9  9  9  9  9  9  9  9  9  9  9  9  9  9  7  5  3  1  1  1  9

  9  8  0  0  0  0  0  0  0  0  0  0  0  0  0  0  0  0  1  1  9

  9  8  6  4  2  0  0  0  0  0  0  6  0  9  7  5  3  1  1  1  9

  9  7  1  1  1  2  0  0  0  6  6  1  3  1  1  1  1  1  1  1  9

  9  8  6  4  2  0  0  0  6  1  1  3  0  3  1  1  1  1  1  1  9

  9  8  0  0  0  0  0  0  8  1  1  6  0  0  9  9  7  5  3  1  9

  9  8  0  0  0  2  4  6  1  1  6  0  0  0  0  0  0  0  0  3  9

  9  8  0  0  2  1  1  3  1  0  0  0  0  2  4  9  7  5  3  1  9

  9  8  0  0  0  2  4  0  0  1  4  2  2  1  1  1  1  1  1  1  9

  9  8  0  0  2  1  1  3  1  1  1  1  2  2  4  7  5  3  1  1  9

  9  8  0  0  0  2  4  6  1  6  4  2  0  0  0  0  0  0  0  1  9

  9  8  0  0  0  0  0  0  6  0  0  9  9  9  9  7  5  3  1  1  9

  9  9  9  9  9  9  9  9  3  0  3  1  1  1  1  1  1  1  1  1  9

  9  9  1  1  1  1  1  1  1  3  1  1  1  1  1  1  1  1  1  1  9

  9  9  9  9  9  9  9  9  9  9  9  9  9  9  9  9  9  9  9  9  9

11 Generation
  5  6 10 10 10 10 10 10 10 10 10 10 10 10 10 10 10 10 10 10 10

  6  7  9  9  9  9  9  9  9  9  9  9  9  9 10 10 10 10 10 10 10

  7  8  0  0  0  0  0  0  0  0  0  0  0  0  0  0  0  0  0  0 10

 10  9  0  0  0  0  0  0  0  0  0  0  0  0  0  0  0  0  0  0 10

 10  9  0  0  0  0  0  0  0  0  0  0  0  0  0  0  0  0  0  0 10

 10 10  0  0  0  0  0  0  0  0  0  0  0  0  0  0  0  0  0  0 10

 10 10 10 10 10 10 10 10 10 10 10 10 10 10  8  6  4  2  0  0 10

 10  9  1  1  1  1  1  1  1  1  1  1  1  1  1  1  1  1  2  0 10

 10  9  7  5  3  1  1  1  1  1  1  0  1 10  8  6  4  2  0  0 10

 10  8  0  0  0  0  1  1  1  7  7  0  4  0  0  0  0  0  0  0 10

 10  9  7  5  3  1  1  1  7  0  0  4  1  4  0  0  0  0  0  0 10

 10  9  1  1  1  1  1  1  9  0  0  7  1  1 10 10  8  6  4  0 10

 10  9  1  1  1  3  5  7  0  2  7  1  1  1  1  1  1  1  1  4 10

 10  9  1  1  0  0  0  4  2  1  1  1  1  3  5 10  8  6  4  0 10

 10  9  1  1  1  3  5  1  1  2  5  3  3  0  0  0  0  0  0  0 10

 10  9  1  1  0  0  0  4  2  0  0  0  3  3  5  8  6  4  2  0 10

 10  9  1  1  1  3  5  7  0  7  5  3  1  1  1  1  1  1  1  2 10

 10  9  1  1  1  1  1  1  7  1  1 10 10 10 10  8  6  4  2  0 10

 10 10 10 10 10 10 10 10  4  1  4  0  0  0  0  0  0  0  0  0 10

 10 10  0  0  0  0  0  0  0  4  0  0  0  0  0  0  0  0  0  0 10

 10 10 10 10 10 10 10 10 10 10 10 10 10 10 10 10 10 10 10 10 10

12 Generation
  6  7 11 11 11 11 11 11 11 11 11 11 11 11 11 11 11 11 11 11 11

  7  8 10 10 10 10 10 10 10 10 10 10 10 10 11 11 11 11 11 11 11

  8  9  1  1  1  1  1  1  1  1  1  1  1  1  1  1  1  1  1  1 11

 11 10  1  1  1  1  1  1  1  1  1  1  1  1  1  1  1  1  1  1 11

 11 10  1  1  1  1  1  1  1  1  1  1  1  1  1  1  1  1  1  1 11

 11 11  1  1  1  1  1  1  1  1  1  1  1  1  1  1  1  1  1  1 11

 11 11 11 11 11 11 11 11 11 11 11 11 11 11  9  7  5  3  1  1 11

 11 10  0  0  0  0  0  0  0  0  0  2  0  0  0  0  0  0  0  1 11

 11 10  8  6  4  2  0  0  0  0  2  1  2 11  9  7  5  3  1  1 11

 11  9  1  1  1  1  2  0  0  8  8  1  5  1  1  1  1  1  1  1 11

 11 10  8  6  4  2  0  0  8  1  1  5  0  5  1  1  1  1  1  1 11

 11 10  0  0  0  0  0  0 10  1  1  8  0  0 11 11  9  7  5  1 11

 11 10  0  0  2  4  6  8  1  3  8  0  0  0  0  0  0  0  0  5 11

 11 10  0  2  1  1  1  5  3  0  0  0  0  4  6 11  9  7  5  1 11

 11 10  0  0  2  4  6  0  0  3  6  4  4  1  1  1  1  1  1  1 11

 11 10  0  2  1  1  1  5  3  1  1  1  4  4  6  9  7  5  3  1 11

 11 10  0  0  2  4  6  8  1  8  6  4  0  0  0  0  0  0  0  3 11

 11 10  0  0  0  0  0  0  8  0  0 11 11 11 11  9  7  5  3  1 11

 11 11 11 11 11 11 11 11  5  0  5  1  1  1  1  1  1  1  1  1 11

 11 11  1  1  1  1  1  1  1  5  1  1  1  1  1  1  1  1  1  1 11

 11 11 11 11 11 11 11 11 11 11 11 11 11 11 11 11 11 11 11 11 11

13 Generation
  7  8 12 12 12 12 12 12 12 12 12 12 12 12 12 12 12 12 12 12 12

  8  9 11 11 11 11 11 11 11 11 11 11 11 11 12 12 12 12 12 12 12

  9 10  0  0  0  0  0  0  0  0  0  0  0  0  0  0  0  0  0  0 12

 12 11  0  0  0  0  0  0  0  0  0  0  0  0  0  0  0  0  0  0 12

 12 11  0  0  0  0  0  0  0  0  0  0  0  0  0  0  0  0  0  0 12

 12 12  0  0  0  0  0  0  0  0  0  0  0  0  0  0  0  0  0  0 12

 12 12 12 12 12 12 12 12 12 12 12  0 12 12 10  8  6  4  2  0 12

 12 11  1  1  1  1  1  1  1  1  1  3  1  1  1  1  1  1  1  2 12

 12 11  9  7  5  3  1  1  1  1  3  0  3 12 10  8  6  4  2  0 12

 12 10  0  0  0  0  0  1  1  9  0  0  6  0  0  0  0  0  0  0 12

 12 11  9  7  5  3  1  1  9  0  0  6  1  6  0  0  0  0  0  0 12

 12 11  1  1  1  1  1  1 11  0  0  9  1  1 12 12 10  8  6  0 12

 12 11  1  1  3  5  7  9  0  4  9  1  1  1  1  1  1  1  1  6 12

 12 11  1  0  0  0  0  6  4  1  1  1  1  5  7 12 10  8  6  0 12

 12 11  1  1  3  0  7  1  1  4  7  5  5  0  0  0  0  0  0  0 12

 12 11  1  0  0  0  0  6  4  0  0  0  5  5  7 10  8  6  4  0 12

 12 11  1  1  3  5  7  9  0  9  7  5  1  1  1  1  1  1  1  4 12

 12 11  1  1  1  1  1  1  9  1  1 12 12 12 12 10  8  6  4  0 12

 12 12 12 12 12 12 12 12  6  1  6  0  0  0  0  0  0  0  0  0 12

 12 12  0  0  0  0  0  0  0  6  0  0  0  0  0  0  0  0  0  0 12

 12 12 12 12 12 12 12 12 12 12 12 12 12 12 12 12 12 12 12 12 12

14 Generation
  8  9  0  0  0  0  0  0  0  0  0  0  0  0  0  0  0  0  0  0  0

  9 10 12 12 12 12 12 12 12 12 12 12 12 12  0  0  0  0  0  0  0

 10 11  1  1  1  1  1  1  1  1  1  1  1  1  1  1  1  1  1  1  0

  0 12  1  1  1  1  1  1  1  1  1  1  1  1  1  1  1  1  1  1  0

  0 12  1  1  1  1  1  1  1  1  1  1  1  1  1  1  1  1  1  1  0

  0  0  1  1  1  1  1  1  1  1  1  1  1  1  1  1  1  1  1  1  0

  0  0  0  0  0  0  0  0  0  0  0  1  0  0 11  9  7  5  3  1  0

  0 12  0  0  0  0  0  0  0  0  0  4  0  0  0  0  0  0  0  3  0

  0 12 10  8  6  4  2  0  0  0  4  1  4  0 11  9  7  5  3  1  0

  0 11  1  1  1  1  1  2  0 10  1  1  7  1  1  1  1  1  1  1  0

  0 12 10  8  6  4  2  0 10  1  1  7  0  7  1  1  1  1  1  1  0

  0 12  0  0  0  0  0  0 12  1  1 10  0  0  0  0 11  9  7  1  0

  0 12  0  2  4  6  8 10  1  5 10  0  0  0  0  0  0  0  0  7  0

  0 12  2  1  1  1  1  7  5  0  0  0  0  6  8  0 11  9  7  1  0

  0 12  0  2  0  1  0  0  0  5  8  6  6  1  1  1  1  1  1  1  0

  0 12  2  1  1  1  1  7  5  1  1  1  6  6  8 11  9  7  5  1  0

  0 12  0  2  4  6  8 10  1 10  8  6  0  0  0  0  0  0  0  5  0

  0 12  0  0  0  0  0  0 10  0  0  0  0  0  0 11  9  7  5  1  0

  0  0  0  0  0  0  0  0  7  0  7  1  1  1  1  1  1  1  1  1  0

  0  0  1  1  1  1  1  1  1  7  1  1  1  1  1  1  1  1  1  1  0

  0  0  0  0  0  0  0  0  0  0  0  0  0  0  0  0  0  0  0  0  0

15 Generation
  9  0  1  1  1  1  1  1  1  1  1  1  1  1  1  1  1  1  1  1  1

 10 11  0  0  0  0  0  0  0  0  0  0  0  0  1  1  1  1  1  1  1

 11 12  0  0  0  0  0  0  0  0  0  0  0  0  2  2  2  2  2  2  1

  1  0  0  0  0  0  0  0  0  0  0  0  0  0  0  0  0  0  0  2  1

  1  0  0  0  0  0  0  0  0  0  0  0  0  0  0  0  0  0  0  2  1

  1  1  2  2  2  2  2  2  2  2  2  0  2  2  0  0  0  0  0  2  1

  1  1  1  1  1  1  1  1  1  1  1  2  1  1 12 10  8  6  4  2  1

  1  0  1  1  1  1  1  1  1  1  1  5  1  1  1  1  1  1  1  4  1

  1  0 11  9  7  5  3  1  1  1  5  0  5  1 12 10  8  6  4  2  1

  1 12  0  0  0  0  0  0  1 11  0  0  8  2  0  0  0  0  0  2  1

  1  0 11  9  7  5  3  1 11  0  0  8  1  8  2  2  0  0  0  2  1

  1  0  1  1  1  1  1  1  0  0  0 11  1  1  1  1 12 10  8  2  1

  1  0  1  3  5  7  9 11  0  6 11  1  1  1  1  1  1  1  1  8  1

  1  0  3  0  2  0  2  8  6  1  1  1  1  7  9  1 12 10  8  2  1

  1  0  1  3  1  2  1  1  1  6  9  7  7  0  0  2  0  0  0  2  1

  1  0  3  0  2  0  2  8  6  0  0  0  7  7  9 12 10  8  6  2  1

  1  0  1  3  5  7  9 11  0 11  9  7  1  1  1  1  1  1  1  6  1

  1  0  1  1  1  1  1  1 11  1  1  1  1  1  1 12 10  8  6  2  1

  1  1  1  1  1  1  1  1  8  1  8  2  2  2  2  0  0  0  0  2  1

  1  1  0  2  2  2  2  2  2  8  2  2  2  2  2  2  2  2  2  2  1

  1  1  1  1  1  1  1  1  1  1  1  1  1  1  1  1  1  1  1  1  1

16 Generation
  0  1  0  2  2  2  2  2  2  2  2  2  2  2  2  2  2  2  2  2  2

 11  0  1  1  1  1  1  1  1  1  1  1  1  1  2  2  2  2  2  2  2

 12  0  1  1  1  1  1  1  1  1  1  1  1  1  3  3  3  3  3  0  2

  2  1  1  1  1  1  1  1  1  1  1  1  1  1  1  1  1  1  1  3  2

  2  1  1  1  1  1  1  1  1  1  1  1  1  1  1  1  1  1  1  3  2

  2  2  3  3  3  3  3  3  3  3  3  1  3  3  1  1  1  1  1  3  2

  2  2  0  0  0  0  0  0  0  0  0  3  0  0  0 11  9  7  5  0  2

  2  1  2  0  0  0  0  0  0  0  0  6  0  0  0  0  0  0  0  0  2

  2  1 12 10  8  6  4  2  0  0  6  1  6  0  0 11  9  7  5  0  2

  2  0  1  1  1  1  1  1  2 12  1  1  9  3  1  1  1  1  1  3  2

  2  1 12 10  8  6  4  2 12  1  1  9  0  0  3  3  1  1  1  3  2

  2  1  2  0  0  0  0  2  1  1  1 12  0  0  0  0  0 11  9  0  2

  2  1  2  4  0  8  0 12  1  7 12  0  0  0  0  0  0  0  0  0  2

  2  1  4  1  3  1  3  0  7  0  0  0  0  8 10  0  0 11  9  0  2

  2  1  2  4  0  3  0  0  0  7 10  8  8  1  1  3  1  1  1  3  2

  2  1  4  1  3  1  3  0  7  1  1  1  8  8 10  0 11  9  7  0  2

  2  1  2  4  0  8  0 12  1 12 10  8  0  0  0  0  0  0  0  0  2

  2  1  2  0  0  0  0  0 12  0  0  0  0  0  0  0 11  9  7  0  2

  2  2  2  0  0  0  0  0  0  0  0  0  0  0  3  1  1  1  1  3  2

  2  2  1  3  0  0  0  0  0  0  0  0  0  0  0  3  3  3  3  0  2

  2  2  2  2  2  2  2  2  2  2  2  2  2  2  2  2  2  2  2  2  2

17 Generation
  1  0  1  3  3  3  3  3  3  3  3  3  3  3  3  3  3  3  3  3  3

  0  1  2  2  2  2  2  2  2  2  2  2  2  2  3  3  3  3  3  3  3

  0  1  2  0  0  0  0  0  0  0  0  0  0  0  0  0  0  0  4  1  3

  3  2  0  0  0  0  0  0  0  0  0  0  0  0  0  0  0  0  0  4  3

  3  2  0  0  0  0  0  0  0  0  0  0  0  0  0  0  0  0  0  0  3

  3  3  4  4  4  4  4  4  4  4  4  0  4  4  2  0  0  0  0  4  3

  3  3  1  1  1  1  1  1  1  1  1  4  1  1  1 12 10  8  6  1  3

  3  2  3  1  1  1  1  1  1  1  1  7  1  1  1  1  1  1  1  1  3

  3  2  0 11  9  7  5  3  1  1  7  0  7  1  1 12 10  8  6  1  3

  3  1  2  0  0  0  0  0  3  0  0  0 10  4  2  0  0  0  0  4  3

  3  2  0 11  9  7  5  0  0  0  0 10  1  1  4  4  2  0  0  4  3

  3  2  3  1  1  1  1  3  0  0  0  0  1  1  1  1  1 12 10  1  3

  3  2  0  5  1  0  1  0  0  8  0  1  1  1  1  1  1  1  1  1  3

  3  2  0  0  4  0  0  1  0  1  1  1  1  9 11  1  1 12 10  1  3

  3  2  0  5  1  4  1  1  1  8 11  9  9  0  0  4  2  0  0  4  3

  3  2  0  0  4  0  0  1  8  0  0  0  9  9 11  1 12 10  8  1  3

  3  2  0  5  1  0  1  0  0  0 11  9  1  1  1  1  1  1  1  1  3

  3  2  3  1  1  1  1  1  0  1  1  1  1  1  1  1 12 10  8  1  3

  3  3  3  1  1  1  1  1  1  1  1  1  1  1  0  2  0  0  0  4  3

  3  3  0  4  1  1  1  1  1  1  1  1  1  1  1  4  0  0  4  1  3

  3  3  3  3  3  3  3  3  3  3  3  3  3  3  3  3  3  3  3  3  3

18 Generation
  0  1  2  4  4  4  4  4  4  4  4  4  4  4  4  4  4  4  4  4  4

  1  2  3  3  3  3  3  3  3  3  3  3  3  3  4  4  4  4  4  4  4

  1  2  3  1  1  1  1  1  1  1  1  1  1  1  1  1  1  1  5  0  4

  4  3  1  1  1  1  1  1  1  1  1  1  1  1  1  1  1  1  1  5  4

  4  3  1  1  1  1  1  1  1  1  1  1  1  1  1  1  1  1  1  1  4

  4  4  5  5  5  5  5  5  5  5  5  1  5  5  3  1  1  1  1  5  4

  4  4  0  0  0  0  0  0  0  0  0  5  0  0  0  0 11  9  7  0  4

  4  3  4  0  0  0  0  0  0  0  0  8  0  0  0  0  0  0  0  0  4

  4  3  1 12 10  8  6  4  0  2  8  1  8  0  0  0 11  9  7  0  4

  4  2  0  1  1  1  1  1  0  1  1  1 11  0  3  1  1  1  1  5  4

  4  3  1 12 10  8  6  1  1  1  1  0  0  0  0  5  3  1  1  5  4

  4  3  4  0  0  2  0  0  1  1  1  1  2  0  0  0  0  0 11  0  4

  4  3  1  6  2  1  0  1  1  0  1  2  0  0  0  0  0  0  0  0  4

  4  3  1  1  5  1  1  0  1  2  2  0  0 10 12  0  0  0 11  0  4

  4  3  1  0  0  5  2  0  2  9 12 10 10  1  1  5  3  1  1  5  4

  4  3  1  1  5  1  1  2  9  1  1  1 10 10 12  0  0 11  9  0  4

  4  3  1  6  2  1  0  1  1  1 12 10  0  0  0  0  0  0  0  0  4

  4  3  4  0  0  2  0  2  1  2  0  0  0  0  2  0  0 11  9  0  4

  4  4  4  0  0  0  0  0  2  0  0  0  0  2  1  3  1  1  1  5  4

  4  4  1  5  0  0  0  0  0  0  0  0  0  0  2  5  1  1  5  0  4

  4  4  4  4  4  4  4  4  4  4  4  4  4  4  4  4  4  4  4  4  4

19 Generation
  1  2  3  5  5  5  5  5  5  5  5  5  5  5  5  5  5  5  5  5  5

  2  3  4  4  4  4  4  4  4  4  4  4  4  4  5  5  5  5  5  5  5

  2  3  0  0  0  0  0  0  0  0  0  0  0  0  0  0  0  0  6  1  5

  5  4  0  0  0  0  0  0  0  0  0  0  0  0  0  0  0  0  0  6  5

  5  4  0  0  0  0  0  0  0  0  0  0  0  0  0  0  0  0  0  0  5

  5  5  6  6  6  6  6  6  6  6  6  0  6  6  4  2  0  0  0  6  5

  5  5  1  1  1  1  1  1  1  1  1  6  1  1  1  1 12 10  8  1  5

  5  4  5  1  1  1  1  1  1  1  1  9  1  1  1  1  1  1  1  1  5

  5  4  2  0 11  9  7  5  1  3  9  0  9  1  1  1 12 10  8  1  5

  5  3  1  2  0  0  0  2  1  2  0  2 12  1  0  2  0  0  0  6  5

  5  4  2  0 11  0  7  2  2  0  2  1  1  1  1  6  4  2  0  6  5

  5  4  5  1  1  3  1  1  2  2  0  2  0  1  1  1  1  1  0  1  5

  5  4  0  7  3  2  1  0  2  1  2  3  1  1  1  1  1  1  1  1  5

  5  4  0  2  6  0  2  1  2  3  3  1  1 11  0  1  1  1  0  1  5

  5  4  2  1  1  6  3  1  3  0  0 11 11  0  0  6  4  2  0  6  5

  5  4  0  2  6  0  2  3  0  0  0  0 11 11  0  1  1 12 10  1  5

  5  4  0  7  3  2  1  2  0  0  0 11  1  1  1  1  1  1  1  1  5

  5  4  5  1  1  0  1  3  0  3  1  1  1  1  0  1  1 12 10  1  5

  5  5  5  1  1  1  1  1  0  1  1  1  1  0  0  4  2  0  0  6  5

  5  5  0  6  1  1  1  1  1  1  1  1  1  1  3  0  0  0  6  1  5

  5  5  5  5  5  5  5  5  5  5  5  5  5  5  5  5  5  5  5  5  5

20 Generation
  2  3  4  6  6  6  6  6  6  6  6  6  6  6  6  6  6  6  6  6  6

  3  4  5  5  5  5  5  5  5  5  5  5  5  5  6  6  6  6  6  6  6

  3  4  1  1  1  1  1  1  1  1  1  1  1  1  1  1  1  1  7  0  6

  6  5  1  1  1  1  1  1  1  1  1  1  1  1  1  1  1  1  1  7  6

  6  5  1  1  1  1  1  1  1  1  1  1  1  1  1  1  1  1  1  1  6

  6  6  7  7  7  7  7  7  7  7  7  1  7  7  5  3  1  1  1  7  6

  6  6  0  0  0  0  0  0  0  0  0  7  0  0  0  0  0 11  9  0  6

  6  5  0  2  0  0  0  0  0  0  0 10  0  0  0  0  0  0  0  0  6

  6  5  3  1 12 10  8  0  0  0 10  1 10  0  2  0  0 11  9  0  6

  6  4  0  0  1  1  1  3  0  3  1  3  0  2  1  3  1  1  1  7  6

  6  5  3  1  0  1  8  0  3  1  0  0  2  0  2  0  5  3  1  7  6

  6  5  6  2  0  4  0  2  0  3  1  3  1  2  0  0  0  2  1  2  6

  6  5  1  8  0  3  2  1  3  0  3  0  2  0  2  0  0  0  2  0  6

  6  5  1  3  7  1  3  2  0  4  4  0  0 12  1  2  0  2  1  2  6

  6  5  3  0  0  7  0  0  4  1  1 12 12  1  1  7  0  3  1  7  6

  6  5  1  3  7  1  3  4  1  1  1  1 12 12  1  2  0  0 11  0  6

  6  5  1  8  0  3  0  3  1  1  1 12  0  0  2  0  0  0  0  0  6

  6  5  6  0  2  1  2  4  1  4  2  0  0  2  1  2  0  0 11  0  6

  6  6  6  0  0  2  0  2  1  2  0  0  2  1  1  5  3  1  1  7  6

  6  6  1  7  0  0  0  0  2  0  0  0  0  2  4  1  1  1  7  0  6

  6  6  6  6  6  6  6  6  6  6  6  6  6  6  6  6  6  6  6  6  6

21 Generation
  3  4  5  7  7  7  7  7  7  7  7  7  7  7  7  7  7  7  7  7  7

  4  5  6  6  6  6  6  6  6  6  6  6  6  6  7  7  7  7  7  7  7

  4  5  0  0  0  0  0  0  0  0  0  0  0  0  0  0  0  0  8  1  7

  7  6  0  0  0  0  0  0  0  0  0  0  0  0  0  0  0  0  0  8  7

  7  6  0  0  0  0  0  0  0  0  0  0  0  0  0  0  0  0  0  0  7

  7  7  8  8  8  8  8  8  8  8  8  0  8  8  6  4  2  0  0  8  7

  7  7  1  1  1  1  1  1  1  1  1  8  1  1  1  1  1 12 10  1  7

  7  6  1  0  1  1  1  1  1  1  1 11  1  1  1  1  1  1  1  1  7

  7  6  4  2  0 11  9  1  1  1 11  0  0  1  0  1  1 12 10  1  7

  7  5  1  1  2  0  0  0  1  4  2  4  1  0  0  4  2  0  0  8  7

  7  6  4  2  1  2  9  1  0  2  1  1  0  1  0  1  6  0  0  0  7

  7  6  0  3  1  5  1  0  1  4  2  4  0  0  1  1  1  3  0  3  7

  7  6  0  9  1  4  3  0  0  1  4  1  0  1  0  1  1  1  3  1  7

  7  6  0  4  8  0  4  3  1  5  5  1  1  0  0  3  1  3  0  3  7

  7  6  4  1  1  8  1  1  5  0  0  0  0  0  0  8  1  4  0  8  7

  7  6  0  4  8  0  4  5  0  0  0  0  0  0  0  3  1  1  0  1  7

  7  6  0  9  1  4  1  4  0  0  0  0  1  1  3  1  1  1  1  1  7

  7  6  7  1  0  0  3  0  0  0  3  1  1  3  0  3  1  1  0  1  7

  7  7  7  1  1  0  1  3  0  3  1  1  0  0  0  0  4  2  0  8  7

  7  7  0  8  1  1  1  1  3  1  1  1  1  3  0  0  0  0  8  1  7

  7  7  7  7  7  7  7  7  7  7  7  7  7  7  7  7  7  7  7  7  7

